Frame,Predict
21,m
22,m
23,m
24,g
25,a
26,a
27,a
28,a
29,a
30,a
31,a
32,a
33,a
34,a
35,a
36,a
37,a
38,a
39,a
40,a
41,a
42,a
43,a
44,a
45,a
46,a
47,a
48,a
49,a
50,a
51,a
52,a
53,a
54,a
55,a
56,a
57,a
58,a
59,a
60,a
61,a
62,a
63,a
64,a
65,a
66,a
67,a
68,a
69,a
70,a
71,a
72,a
73,a
74,a
75,m
76,m
